4.644594916801108, 5.538012685771205, 5.2355807872779305, 4.838986274017003, 4.273805922482266
5.168430347443225, 4.668026805134388, 4.560275619645269, 4.753178954008713, 5.1733581138972955
5.477766731379602, 4.468592142269834, 4.296247465365872, 5.4031945578200675, 4.4788947670268575
5.060866537606053, 4.399611782308576, 5.286046413406139, 4.891460113821573, 5.138391182009772
4.3342254703631085, 4.835799399882646, 4.029809123915334, 4.728925294221156, 4.604018264897207
4.863825529489856, 5.014260707496964, 4.969847577701727, 4.536967106909624, 3.882699704096766
5.159550743372714, 5.150894858190907, 4.692215774654183, 4.845749089400907, 4.517435381237169
5.086409747916711, 4.878573783924037, 5.061785592284651, 4.47917465296688, 6.048862923916758
4.417892230608056, 4.940364243064211, 4.703993090943797, 6.1088388275452505, 4.493250514402624
5.686117243631445, 5.332577697618351, 5.983029518318807, 5.144721580365788, 5.777675849414986
3.797578633020155, 4.914287456350614, 4.87444697249377, 4.423439747864513, 5.636121958443157
5.208685741168054, 5.191257648202288, 4.473473230413819, 4.930195127832974, 5.099565408213114
4.953362069614841, 4.912627040435924, 4.342868482044001, 5.134942615775815, 4.645080516940103
5.409521907201378, 5.480209357513976, 5.027666553293027, 5.530110911331208, 4.902788788106194
4.970318739726229, 5.038584650159245, 5.861017693496221, 4.236826401643106, 5.51648866025316
5.366965800887864, 4.631993122104279, 5.04907817049782, 4.749104965553092, 5.626107147944377
4.478005510261292, 5.661730368093752, 4.774521515481085, 4.778252859482265, 5.717383689473719
5.288915167358223, 4.3309315027663535, 5.349871072679482, 4.715325339502488, 5.047041347088667
4.583567499906777, 5.001325055103042, 5.167880608700951, 5.5549161347519265, 5.176758072982063
4.434632414925875, 5.268025331413592, 3.9634198495890374, 4.840305952535939, 4.433287141723332
4.618838085015193, 5.289608916068121, 4.871568857619912, 4.653395890241575, 4.6943890364022645
5.136891011564586, 4.36305491982899, 4.778336354234618, 5.29094337634831, 4.915440651455054
5.252739837493459, 4.9903028682234085, 4.366682886818941, 4.695202425196705, 4.442834128709701
4.511538057234042, 5.01423722102684, 5.27082366614987, 5.02061429916944, 4.534480796830332
4.910509604494245, 5.507857375308535, 4.430580373263943, 5.037037210488381, 5.502936504381177
5.3845873720615804, 5.169388677055062, 5.294394678123574, 4.7159617660087605, 5.024322018743168
4.673811005491024, 5.548612338267866, 5.664592790077526, 5.097783438658672, 4.972054937351771
4.555256359284473, 5.244077457271813, 5.45844846226606, 5.7853619670961995, 5.313004070266153
5.114093186395596, 4.953359898300879, 4.766931436458793, 5.855221671731477, 4.348080025108634
5.013087040507201, 4.8341142880588635, 5.305611022203542, 5.066948629369561, 5.056394384625541
4.804360152734852, 5.863347348447707, 5.179258603060604, 4.580576002680616, 4.844566996590999
5.355788725279514, 4.723130510059813, 5.26593278057226, 4.9053087437113305, 4.599418243822565
4.7091859941539145, 5.035332147158344, 5.239622134752536, 5.492623804022444, 5.574160278931564
5.077181404557599, 4.47481147128361, 4.63200638976615, 4.640550143948985, 5.355122820008473
5.399626853316356, 4.862341216179296, 5.610449192893405, 4.456325744329344, 4.233244694454858
4.850534972499298, 5.775182997991022, 5.253056129939201, 5.373658190756186, 4.7135900634292565
5.5183119963092535, 4.707323194204778, 5.565114495484014, 4.68429682047488, 4.818725836904761
5.8885194920402055, 4.970758413145521, 4.937619442982201, 4.176888919305005, 4.527597802004813
4.45593479758127, 5.691719697161765, 4.84301303322111, 5.403225096703435, 5.570240133700736
4.956393146491538, 5.1059752336857995, 5.3846195210598715, 4.817036840252876, 4.520445148419875
4.576403489964273, 5.689387998683239, 4.599399631900946, 4.485739107696188, 4.6628608131559695
5.080732654526045, 4.9689200893099486, 4.3961239636423155, 4.881810826807643, 5.184143203917109
5.561049429395766, 4.9249589139309835, 5.835507412969241, 5.69190497403558, 4.75868737016629
4.921889617632451, 4.806699192901104, 5.525403570272767, 5.006468872151643, 5.346115332043254
4.877504797895362, 4.278161538881325, 5.494350220549895, 4.624988176028942, 5.813694002353014
5.34670052174992, 5.0672489770091, 5.567474143962293, 4.633511026258301, 4.5685741125860435
4.948471065796672, 4.159845467901306, 4.523368891820785, 4.859929947709696, 5.268595205876475
4.069695782383268, 5.428780307856179, 5.246860589605313, 4.888184830701537, 5.17743786479219
4.975618434710076, 5.192859995189635, 5.57681054207277, 4.980956262998114, 5.194431451353593
5.155955245246068, 4.954672381423974, 4.167321575250502, 5.1112413372008785, 4.065202934777446
-5.98410152422393, 4.946524921799986, -5.973712309893357, 6.012381367303677, -6.042413745828881
-4.984218400241409, 5.420992251295095, -4.096221909485851, 5.339642995148639, -6.704875346200192
-5.892242837709886, 5.157253252483519, -5.878941684018112, 4.914872895335342, -5.621268249871488
-5.345065044239464, 5.495076444962236, -3.870656286408095, 5.208280461102575, -5.455801974068648
-5.373711857749164, 4.518225014553365, -6.080118872754575, 4.580180841356356, -4.347378723777322
-3.1813716028962977, 3.9462494913690627, -4.58785818779408, 5.282509642079001, -5.406793493672152
-4.816273842837744, 5.087365877205285, -5.552120964027016, 4.928478333477714, -4.824236700052548
-5.678871276687554, 4.247699007212559, -3.9146247354847503, 5.230600639932163, -5.109449372810875
-4.234972058444957, 5.238331467805497, -5.270087010041677, 3.7687292010760354, -4.90352875413376
-4.884213668333522, 5.601745586812187, -6.042635845554792, 3.6460565479364386, -5.613561801810311
-5.301135165608587, 5.875567935269937, -5.2177157079516965, 4.811583365922646, -5.61527182354604
-4.111362480591422, 5.701809569635525, -4.477375997686625, 6.651862304227238, -4.6347032206867445
-3.764273550615705, 4.580240823340916, -6.311989953353128, 4.726312730037972, -4.970058460208414
-5.199044811375365, 5.95979209045424, -4.316941492771354, 4.4435140240804225, -4.927386417263984
-4.721784900808515, 5.047048359463377, -6.138818655939834, 5.388340880027775, -4.539420121336118
-3.303153896097518, 5.858293332938523, -4.311237386201102, 4.985130579027679, -5.35777214071287
-4.313495541916723, 6.785959165189568, -5.228224975918882, 5.243963920564021, -5.406909604838784
-3.780511077730014, 4.13830829528494, -5.35516053641624, 4.078375221135737, -4.518076239663509
-4.952338572655028, 5.223716943110688, -5.773134556143559, 5.773537879139326, -5.9595721223843645
-3.8266426511515217, 3.7653280439123114, -6.228143820859361, 5.447402030660741, -4.080626918639174
-6.350922034910883, 5.024132826377579, -4.320933046763928, 4.026796024922611, -4.858906650484014
-6.070227530479886, 4.404127377141225, -4.446355107087434, 3.8066427495044457, -6.195663152149076
-4.438618589526921, 5.666140476815246, -5.333273821776753, 3.9456464702716754, -4.899004259421993
-4.314821419596908, 5.776199233319132, -5.48324864067781, 6.008005333476964, -3.778875324926095
-4.75571207681959, 6.090755379887566, -4.7002146814246775, 5.506427807808009, -4.195390302761118
-5.333032760401813, 4.8540093817677175, -4.524531300491452, 4.480703898652316, -5.725985339956297
-3.6024656993203097, 3.664602533682685, -5.37221128789126, 4.8105238535171795, -4.564979316992339
-5.227255372502892, 5.488918567876743, -4.301624922538423, 2.9110363326909012, -4.303732441699507
-5.296439124233856, 2.9149842855766774, -5.447692262271543, 5.3113022127319836, -3.5315092249625306
-4.838270568208473, 5.069225338341896, -5.535037190124489, 5.599592398014062, -4.598593407039342
-3.8787180244721573, 4.970474429510721, -5.15685168720814, 3.6945065740447887, -4.372346012878449
-5.155646372345863, 5.257778961071793, -4.952952051454657, 5.216361088176548, -5.646451742471897
-4.814291860012346, 4.346996540065264, -5.1760416335918205, 5.118892106809142, -5.275394799677107
-5.517886107483788, 5.43092951125801, -5.431183006549315, 5.693181946362778, -4.687691658056624
-4.535624568576087, 4.438679687677673, -4.9674019237719, 5.772965582270541, -6.275535452526791
-3.7520460468453507, 3.631600242907455, -4.508045054888375, 3.4142195183339648, -4.439658838223421
-5.718316584305177, 5.129066325581828, -4.508943310279119, 4.057204637769841, -4.876740834612563
-3.4425216812504793, 4.424049096713003, -4.737799321143167, 5.474488766202231, -5.0609150417384825
-5.245823729498123, 3.65795761591026, -5.0493385933470085, 5.269355306463941, -4.927541803379213
-4.492452818297891, 4.45325718470978, -5.289983009323032, 5.372051518160327, -5.965597989522813
-4.962936655889169, 6.054183264020243, -4.83455714103762, 5.592452569340504, -4.953802921250223
-5.7652064066892645, 3.6939953343686027, -5.209175813213972, 3.709651228701747, -5.18494596531503
-4.046817764544349, 4.629482687846187, -6.071103675469008, 4.149099354520687, -4.820233470300442
-3.5050291255943398, 5.2490635983992675, -4.19591449601189, 6.485605344169169, -4.549383271664377
-4.065561338503097, 5.055847967772639, -4.307300901011163, 5.260817068992334, -3.6152757058332092
-4.744189338660602, 4.23093943148045, -5.6091403003360085, 4.555595436946809, -6.099459523816748
-5.965614674988098, 5.802171556122401, -5.125296807100408, 4.6070665551562655, -5.334109338044915
-4.840350366804147, 6.115355180987983, -6.000918624563493, 4.776248654182905, -4.440682168491587
-6.609785388863834, 3.671974778824975, -5.197548029231477, 5.106009564742696, -3.761578638723855
-5.039727983666975, 4.003887862926944, -4.839439150988192, 5.805458550870471, -5.508102018670122
-4.939152256117789, -4.947843910914142, -5.1869636175404406, -5.124747911180469, -4.022263321032019
-4.88806838089718, -5.020478602247902, -5.303789744333933, -5.0782101833823114, -2.753237840389292
-4.964600889231605, -5.128030999424125, -4.358658555019183, -5.206123457933763, -7.384445720251837
-4.799496124140643, -4.890436182221244, -4.846352318516069, -5.053178866740091, -4.658113781341182
-5.16122820509047, -4.894589572044093, -4.84424949684724, -5.137280040584528, -4.029755105153521
-5.110952927808836, -4.7845069482721785, -4.316567161160565, -5.037670708148201, -3.7677599404299738
-4.786124123936643, -5.086057582989607, -5.880385824733555, -5.144059596667111, -4.815416221417034
-5.021570955513334, -5.01751003960374, -6.045253449632649, -4.887688797631791, -5.194836538409348
-5.156608842062684, -4.9334667495800355, -4.6677223552615486, -4.890649033448611, -5.896415930019847
-5.033579245244221, -4.864471238891399, -3.896977786587919, -4.975029314320054, -5.264350922893015
-4.922783464564843, -5.005681464133026, -4.525568101547309, -4.8575045213597265, -5.425316361170649
-4.740207450113784, -5.156905532019338, -3.936214943134152, -5.0728152116363185, -3.7561865010254327
-5.003008612877762, -5.113297249469049, -7.531174360379298, -5.111582446518466, -5.963920025542368
-5.224646635413464, -5.177838833451197, -4.927346918280981, -5.081208989898449, -5.878311441620086
-5.208731919934942, -5.00298600877095, -6.554028990257979, -5.11601675749366, -5.0063052791761935
-4.76769220959674, -5.017972522289488, -5.3139297526766756, -5.055164225698787, -5.867824073463224
-4.991435911609191, -5.151748621191559, -4.929423929095298, -4.8307428915211785, -4.1596068466546425
-4.946404063440675, -5.0268003851944565, -5.372977708136279, -4.9463909653705755, -3.981941032490981
-4.8629508975617455, -4.998190798637788, -3.9278517502855252, -5.055415024111683, -4.459002283406385
-4.964130809491182, -5.060691457575807, -7.212860743009445, -4.870436894483638, -3.74643043358173
-5.123409110858875, -4.993975726567976, -4.769109587591997, -4.869503318595455, -6.082966721007855
-4.862062370240502, -5.178947653338914, -3.974063956397216, -5.000022441557408, -4.730251181417204
-4.8411771952333735, -4.963950363847707, -5.675700613885466, -5.006812705131794, -5.065101826145041
-5.173005562006335, -4.962321708351889, -6.3844319545547705, -4.967147660593449, -3.74476302825348
-4.958133204615032, -4.962706170449962, -5.476560125834042, -5.002820710173582, -4.8295407207156495
-5.014353879234094, -5.0238580452544195, -5.058643386198656, -4.931757584296901, -4.110510548883064
-4.8110141661597, -5.012514745508346, -4.4451402238923, -4.932520165710923, -5.853225122352046
-4.684886733098863, -4.991934024404808, -5.4363888388806085, -5.062439237075239, -2.6407015837024725
-4.95917407313166, -4.970351534738043, -6.622004742638235, -4.961701567596631, -5.948577322956926
-5.279641310334949, -5.108858991438545, -5.021212509993201, -4.820416424831288, -4.369919745080449
-4.635072859659737, -5.030986700861636, -4.24812388375016, -5.166049409796868, -4.824499947078374
-5.205480797050197, -5.068816392299826, -5.466006559519435, -5.004638110313683, -4.971739830496004
-5.253681577691866, -5.116256223473318, -6.226930985135863, -5.077276378076821, -4.829755769594465
-5.289149258268453, -5.152078334271526, -5.169562674598384, -5.011631905776164, -4.613863133502794
-4.890760983954979, -5.005305784261308, -4.482955953149894, -4.8952821301263425, -4.794077478924214
-5.048190580093342, -4.930183705431772, -5.295471474264561, -5.103479118950421, -7.423232191131484
-5.03104559415467, -5.126659163812603, -5.306567860847369, -4.951084515962886, -5.357124208346574
-5.165492810032619, -4.940584490938839, -5.072746513738945, -5.03171984833675, -4.056620188300068
-4.796445340236233, -5.125043898796314, -4.937305908243039, -5.0250639709601606, -4.935419549451099
-5.265363142966432, -5.1260946336182345, -6.199930359426538, -5.080954891151909, -5.309763397765101
-5.078430113589358, -5.029266831790536, -5.449819833021273, -5.108907151090604, -5.268343404916181
-4.4273787356409935, -5.035547726549476, -3.781471153079864, -4.920527243404001, -4.6018272027909335
-5.047522685223417, -5.098575045310058, -4.4554881382921785, -5.025564432261316, -5.095805784193453
-4.720353520182502, -4.8429031598911685, -4.285260370945748, -4.964230692385031, -4.554478703093721
-4.9141146095824, -5.100045189907152, -5.917409451511948, -5.01062371566838, -4.468884527964651
-5.018677638884323, -4.977077487358086, -5.469242441092229, -4.974819874275351, -4.186007004601036
-5.22194857829645, -5.042886141376519, -5.8322062825207945, -4.96757732406231, -4.483538311884406
-4.720337909979454, -4.90049426752542, -5.909005979913009, -4.92021543460906, -5.234106180354886
-5.121266694594485, -5.235550024211474, -4.868736520893825, -4.976103761796491, -5.0069165587232884
-4.9674920799852815, -5.028792728007547, -6.144845138009599, -4.951154939521275, -5.671988316505521
